{
 "cells": [
  {
   "cell_type": "code",
   "execution_count": 1,
   "id": "9979562b",
   "metadata": {},
   "outputs": [
    {
     "name": "stdout",
     "output_type": "stream",
     "text": [
      "pyunicorn: Package netCDF4 could not be loaded. Some functionality in class Data might not be available!\n",
      "pyunicorn: Package netCDF4 could not be loaded. Some functionality in class NetCDFDictionary might not be available!\n"
     ]
    }
   ],
   "source": [
    "from torchkf import *\n",
    "import sympy\n",
    "import torch\n",
    "from torch import distributions as td\n",
    "from torch import nn\n",
    "import numpy as np\n",
    "import plotly.graph_objs as go\n",
    "import plotly.express as px\n",
    "import pykeos as pk\n",
    "# from easystate import EasyState"
   ]
  },
  {
   "cell_type": "code",
   "execution_count": 2,
   "id": "79258ca7",
   "metadata": {},
   "outputs": [],
   "source": [
    "class KeyAccess: \n",
    "    def __init__(self, keys):\n",
    "        self._keys = {k:keys.index(k) for k in keys}\n",
    "        self._it   = None\n",
    "        \n",
    "    def __call__(self, it): \n",
    "        self._it = it\n",
    "        return self\n",
    "        \n",
    "    def __getitem__(self, key):\n",
    "        try:\n",
    "            return self._it[self._keys[key]]\n",
    "        except KeyError: \n",
    "            return self._it[key]\n",
    "        \n",
    "    def __setitem__(self, key, value): \n",
    "        try: \n",
    "            self._it[self._keys[key]] = value \n",
    "        except KeyError:\n",
    "            self._it[key] = value "
   ]
  },
  {
   "cell_type": "code",
   "execution_count": 3,
   "id": "ca31e00d",
   "metadata": {},
   "outputs": [],
   "source": [
    "from collections import OrderedDict\n",
    "from functools import partial\n",
    "\n",
    "class JansenRit:\n",
    "    def __init__(self): \n",
    "        self._params_init = OrderedDict(A=3.25, B=22., a_inv=10., b_inv=20., C=135., C1rep=1., C2rep=0.8, \n",
    "                        C3rep=0.25, C4rep=0.25, vmax=5., v0=6., r=0.56)\n",
    "        self._params_keys = [*self._params_init.keys()]\n",
    "        self._dt = 1e-3\n",
    "\n",
    "        self.params = np.log(np.array([*self._params_init.values()]).reshape((-1, 1)))\n",
    "        \n",
    "        self.m = 1\n",
    "        self.p = len(self._params_init)\n",
    "        self.l = 1\n",
    "        self.n = 6\n",
    "        \n",
    "        self.pE = self.params\n",
    "        self.pC = np.ones(len(self._params_init)) * np.exp(-32)\n",
    "        self.V  = np.exp(8) * np.ones(self.m)\n",
    "        self.W  = np.exp(16) * np.ones(self.n)\n",
    "\n",
    "    @staticmethod\n",
    "    def sigmoid(x, vmax, v0, r): \n",
    "        return vmax / (1. + np.exp(r * (v0 - x)))\n",
    "    \n",
    "    def fsymb(self, x, v, p): \n",
    "        x, v, p = x[:, 0], v[:, 0], p[:, 0]\n",
    "        A,B,a_inv,b_inv,C,C1rep,C2rep,C3rep,C4rep,vmax,v0,r = [sympy.exp(_) for _ in p]\n",
    "\n",
    "        def sigm(x): \n",
    "            return vmax / (1. + sympy.exp(r * (v0 - x)))\n",
    "        \n",
    "        a, b = 1e3/a_inv, 1e3/b_inv\n",
    "        C1, C2, C3, C4 = C*C1rep, C*C2rep, C*C3rep, C*C4rep\n",
    "\n",
    "        x0 = x[3]\n",
    "        x1 = x[4]\n",
    "        x2 = x[5]\n",
    "        x3 = A * a * sigm(x[1] - x[2]) - 2 * a * x[3] - x[0] * a**2\n",
    "        x4 = A * a * (v[0] + C2 * sigm(C1 * x[0])) - 2 * a * x[4] - x[1] * a ** 2\n",
    "        x5 = B * b * C4 * sigm(C3 * x[0]) - 2 * b * x[5] -  x[2] * b ** 2\n",
    "\n",
    "        return sympy.Matrix([x0, x1, x2, x3, x4, x5]) * self._dt\n",
    "    \n",
    "    \n",
    "#     @staticmethod\n",
    "    def g(self, x, v, p): \n",
    "        return (x[1] - x[2]).reshape((1, 1))"
   ]
  },
  {
   "cell_type": "code",
   "execution_count": 4,
   "id": "ca55202f",
   "metadata": {},
   "outputs": [],
   "source": [
    "x = sympy.MatrixSymbol('x', 6, 1)\n",
    "v = sympy.MatrixSymbol('v', 1, 1)\n",
    "p = sympy.MatrixSymbol('p', 12, 1)"
   ]
  },
  {
   "cell_type": "code",
   "execution_count": 5,
   "id": "1ca3e05b",
   "metadata": {},
   "outputs": [],
   "source": [
    "jrit = JansenRit()\n",
    "func = sympy.lambdify((x, v, p), jrit.fsymb(x, v, p), 'numpy')"
   ]
  },
  {
   "cell_type": "code",
   "execution_count": 6,
   "id": "175bd8ba",
   "metadata": {},
   "outputs": [],
   "source": [
    "class Ueda: \n",
    "    def __init__(self): \n",
    "        self._dt = 1e-3\n",
    "        \n",
    "    def f(self, x, v, p): \n",
    "        x,y,z = [x[...,i] for i in range(x.shape[-1])]\n",
    "        return np.stack([\n",
    "            x[1],\n",
    "            - x[0] ** 3 - 0.05 * x[1] + 7.5 * np.sin(x[2]),\n",
    "            1\n",
    "        ], dim=-1) * self._dt\n",
    "\n",
    "    def g(self, x, v, p): \n",
    "        return np.array([40 * x[0] + 240.])\n",
    "    \n",
    "# class Rossler: \n",
    "#     def __init__(self, dt=0.001): \n",
    "#         self.dt = dt\n",
    "        \n",
    "#     def ode(self, x): \n",
    "#         x,y,z = [x[...,i] for i in range(x.shape[-1])]\n",
    "#         return torch.stack([\n",
    "#             - y - z,\n",
    "#             x + 0.1 * y,\n",
    "#             0.1 + z * (x - 14.)\n",
    "#         ], dim=-1)\n",
    "\n",
    "#     def __call__(self, x): \n",
    "#         return x + self.dt * self.ode(x)"
   ]
  },
  {
   "cell_type": "code",
   "execution_count": 9,
   "id": "91e97742",
   "metadata": {},
   "outputs": [
    {
     "name": "stdout",
     "output_type": "stream",
     "text": [
      "Compiling derivatives, it might take some time... f() ok ... g() ok ... Done. \n"
     ]
    }
   ],
   "source": [
    "jrit = JansenRit()\n",
    "jrit = GaussianModel(\n",
    "    fsymb=jrit.fsymb, \n",
    "    g=jrit.g,\n",
    "    m=jrit.m, \n",
    "    n=jrit.n, \n",
    "    l=jrit.l,\n",
    "    p=jrit.p,\n",
    "    pE=jrit.pE,\n",
    "    pC=jrit.pC,\n",
    "    V=jrit.V, \n",
    "    W=jrit.W\n",
    ")\n",
    "ueda = Ueda()\n",
    "ueda = GaussianModel(\n",
    "    f=jrit.fsymb, \n",
    "    g=jrit.g,\n",
    "    m=jrit.m, \n",
    "    n=jrit.n, \n",
    "    l=jrit.l,\n",
    "    p=jrit.p,\n",
    "    pE=jrit.pE,\n",
    "    pC=jrit.pC,\n",
    "    V=jrit.V, \n",
    "    W=jrit.W\n",
    ")\n",
    "\n",
    "hdm = HierarchicalGaussianModel(jrit)"
   ]
  },
  {
   "cell_type": "code",
   "execution_count": 10,
   "id": "deb19e40",
   "metadata": {},
   "outputs": [
    {
     "data": {
      "application/vnd.jupyter.widget-view+json": {
       "model_id": "5e2ea51e24c740e7b331067fdbbcf349",
       "version_major": 2,
       "version_minor": 0
      },
      "text/plain": [
       "  0%|          | 0/1000 [00:00<?, ?it/s]"
      ]
     },
     "metadata": {},
     "output_type": "display_data"
    }
   ],
   "source": [
    "gen = DEMInversion(hdm).generate(1000)"
   ]
  },
  {
   "cell_type": "code",
   "execution_count": 11,
   "id": "ecd0eb42",
   "metadata": {},
   "outputs": [],
   "source": [
    "px.line(y=gen.v[:, 0, 0, 0]);"
   ]
  },
  {
   "cell_type": "code",
   "execution_count": 12,
   "id": "439a683e",
   "metadata": {},
   "outputs": [
    {
     "data": {
      "application/vnd.jupyter.widget-view+json": {
       "model_id": "11d0a54acdda4539b4e04d4588543cdb",
       "version_major": 2,
       "version_minor": 0
      },
      "text/plain": [
       "  E-step:   0%|          | 0/8 [00:00<?, ?it/s]"
      ]
     },
     "metadata": {},
     "output_type": "display_data"
    },
    {
     "data": {
      "application/vnd.jupyter.widget-view+json": {
       "model_id": "0103653b4d114533b86bd4d07162f86e",
       "version_major": 2,
       "version_minor": 0
      },
      "text/plain": [
       "timestep:   0%|          | 0/1000 [00:00<?, ?it/s]"
      ]
     },
     "metadata": {},
     "output_type": "display_data"
    },
    {
     "data": {
      "text/plain": [
       "{'F': array([776.97930669, 776.97930669,   0.        ,   0.        ,\n",
       "          0.        ,   0.        ,   0.        ,   0.        ]),\n",
       " 'A': array([ 4.20278713e+04, -3.18251586e+11,  0.00000000e+00,  0.00000000e+00,\n",
       "         0.00000000e+00,  0.00000000e+00,  0.00000000e+00,  0.00000000e+00]),\n",
       " 'qH': {'h': array([], shape=(0, 1), dtype=float64),\n",
       "  'C': array([], shape=(0, 0), dtype=float64)},\n",
       " 'qP': {'P': array([[ 1.178655  ],\n",
       "         [ 3.09104245],\n",
       "         [ 2.30258509],\n",
       "         [ 2.99573227],\n",
       "         [ 4.90527478],\n",
       "         [ 0.        ],\n",
       "         [-0.22314355],\n",
       "         [-1.38629436],\n",
       "         [-1.38629436],\n",
       "         [ 1.60943791],\n",
       "         [ 1.79175947],\n",
       "         [-0.5798185 ]]),\n",
       "  'C': array([[ 1.25636078e-14,  1.61552545e-17, -9.69091653e-17,\n",
       "           1.55115781e-17, -9.80257620e-17, -1.41876146e-17,\n",
       "          -1.00515458e-16,  5.22056544e-19,  1.61552545e-17,\n",
       "          -8.43612109e-17,  2.72254464e-16,  2.58589759e-16],\n",
       "         [ 1.61552545e-17,  1.25713948e-14,  1.55624033e-17,\n",
       "          -8.91328614e-17, -7.73615510e-17,  2.27024805e-18,\n",
       "           1.61484288e-17, -3.00944410e-18, -9.27707837e-17,\n",
       "          -7.66221711e-17,  2.48737632e-16,  2.47998275e-16],\n",
       "         [-9.69091653e-17,  1.55624033e-17,  1.25690312e-14,\n",
       "           1.49423777e-17, -9.48777421e-17, -1.40669740e-17,\n",
       "          -9.68760758e-17,  5.02904481e-19,  1.55624033e-17,\n",
       "          -8.13141871e-17,  2.62383024e-16,  2.48819902e-16],\n",
       "         [ 1.55115781e-17, -8.91328614e-17,  1.49423777e-17,\n",
       "           1.25750777e-14, -7.48452441e-17,  2.17983081e-18,\n",
       "           1.55050246e-17, -3.39723811e-18, -8.91328614e-17,\n",
       "          -7.36276604e-17,  2.38963851e-16,  2.37746290e-16],\n",
       "         [-9.80257620e-17, -7.73615510e-17, -9.48777421e-17,\n",
       "          -7.48452441e-17,  1.24718759e-14, -1.43269457e-17,\n",
       "          -9.79890527e-17, -2.61210763e-18, -7.73615510e-17,\n",
       "          -1.75350170e-16,  5.67349871e-16,  5.50410435e-16],\n",
       "         [-1.41876146e-17,  2.27024805e-18, -1.40669740e-17,\n",
       "           2.17983081e-18, -1.43269457e-17,  1.26616796e-14,\n",
       "          -1.41846297e-17,  7.33702532e-20,  2.27024805e-18,\n",
       "          -1.19143516e-17,  3.84065714e-17,  3.59939807e-17],\n",
       "         [-1.00515458e-16,  1.61484288e-17, -9.68760758e-17,\n",
       "           1.55050246e-17, -9.79890527e-17, -1.41846297e-17,\n",
       "           1.25636909e-14,  5.21836031e-19,  1.61484288e-17,\n",
       "          -8.43260453e-17,  2.72140622e-16,  2.58477638e-16],\n",
       "         [ 5.22056544e-19, -3.00944410e-18,  5.02904481e-19,\n",
       "          -3.39723811e-18, -2.61210763e-18,  7.33702532e-20,\n",
       "           5.21836031e-19,  1.26639677e-14, -3.00944410e-18,\n",
       "          -2.48760215e-18,  8.06504592e-18,  7.94054121e-18],\n",
       "         [ 1.61552545e-17, -9.27707837e-17,  1.55624033e-17,\n",
       "          -8.91328614e-17, -7.73615510e-17,  2.27024805e-18,\n",
       "           1.61484288e-17, -3.00944410e-18,  1.25713948e-14,\n",
       "          -7.66221711e-17,  2.48737632e-16,  2.47998275e-16],\n",
       "         [-8.43612109e-17, -7.66221711e-17, -8.13141871e-17,\n",
       "          -7.36276604e-17, -1.75350170e-16, -1.19143516e-17,\n",
       "          -8.43260453e-17, -2.48760215e-18, -7.66221711e-17,\n",
       "           1.25032165e-14,  5.20881005e-16,  5.06479745e-16],\n",
       "         [ 2.72254464e-16,  2.48737632e-16,  2.62383024e-16,\n",
       "           2.38963851e-16,  5.67349871e-16,  3.84065714e-17,\n",
       "           2.72140622e-16,  8.06504592e-18,  2.48737632e-16,\n",
       "           5.20881005e-16,  1.09784175e-14, -1.63927879e-15],\n",
       "         [ 2.58589759e-16,  2.47998275e-16,  2.48819902e-16,\n",
       "           2.37746290e-16,  5.50410435e-16,  3.59939807e-17,\n",
       "           2.58477638e-16,  7.94054121e-18,  2.47998275e-16,\n",
       "           5.06479745e-16, -1.63927879e-15,  1.10688179e-14]]),\n",
       "  'dFdp': array([[ 1.56817948e+10],\n",
       "         [ 3.07879533e+08],\n",
       "         [-2.84062497e+11],\n",
       "         [-5.31344510e+09],\n",
       "         [ 3.75102433e+10],\n",
       "         [ 1.97873879e+10],\n",
       "         [ 1.63667423e+10],\n",
       "         [ 1.04823361e+09],\n",
       "         [ 3.07879533e+08],\n",
       "         [ 1.66748631e+10],\n",
       "         [-5.13938763e+10],\n",
       "         [-3.05582504e+10]]),\n",
       "  'dFdpp': array([[-9.93797013e+11,  0.00000000e+00, -1.37576209e+11,\n",
       "           0.00000000e+00, -1.34962310e+12, -3.58034181e+11,\n",
       "          -9.91588924e+11,  0.00000000e+00,  0.00000000e+00,\n",
       "          -9.91596617e+11,  3.17147518e+12,  2.81344758e+12],\n",
       "         [ 0.00000000e+00, -7.08429485e+11,  0.00000000e+00,\n",
       "          -6.46422334e+11, -7.45290684e+11,  0.00000000e+00,\n",
       "           0.00000000e+00, -3.68611988e+10, -7.08429485e+11,\n",
       "          -7.08429485e+11,  2.29450991e+12,  2.25764871e+12],\n",
       "         [-1.37574545e+11,  0.00000000e+00, -3.16313900e+12,\n",
       "           0.00000000e+00,  4.55123143e+11,  5.94082048e+11,\n",
       "          -1.38958905e+11,  0.00000000e+00,  0.00000000e+00,\n",
       "          -1.38964198e+11,  5.30058146e+11,  1.12414806e+12],\n",
       "         [ 0.00000000e+00, -6.46422308e+11,  0.00000000e+00,\n",
       "          -7.18412333e+11, -6.49617236e+11,  0.00000000e+00,\n",
       "           0.00000000e+00, -3.19492756e+09, -6.46422308e+11,\n",
       "          -6.46422308e+11,  2.09728265e+12,  2.09408772e+12],\n",
       "         [-1.34962311e+12, -7.45290684e+11,  4.55119555e+11,\n",
       "          -6.49617288e+11, -2.79805266e+12, -6.52638773e+11,\n",
       "          -1.34929589e+12, -5.08273129e+10, -7.45290684e+11,\n",
       "          -2.09458657e+12,  6.70611548e+12,  6.00264940e+12],\n",
       "         [-3.58034182e+11,  0.00000000e+00,  5.94080118e+11,\n",
       "           0.00000000e+00, -6.52638773e+11, -2.94598631e+11,\n",
       "          -3.58040143e+11,  0.00000000e+00,  0.00000000e+00,\n",
       "          -3.58040143e+11,  1.12325305e+12,  8.28654418e+11],\n",
       "         [-9.91588925e+11,  0.00000000e+00, -1.38960562e+11,\n",
       "           0.00000000e+00, -1.34929589e+12, -3.58040143e+11,\n",
       "          -9.91255744e+11,  0.00000000e+00,  0.00000000e+00,\n",
       "          -9.91255744e+11,  3.17036812e+12,  2.81232798e+12],\n",
       "         [ 0.00000000e+00, -3.68611988e+10,  0.00000000e+00,\n",
       "          -3.19495460e+09, -5.08273129e+10,  0.00000000e+00,\n",
       "           0.00000000e+00, -1.39661141e+10, -3.68611988e+10,\n",
       "          -3.68611988e+10,  1.17984405e+11,  1.04018291e+11],\n",
       "         [ 0.00000000e+00, -7.08429485e+11,  0.00000000e+00,\n",
       "          -6.46422334e+11, -7.45290684e+11,  0.00000000e+00,\n",
       "           0.00000000e+00, -3.68611988e+10, -7.08429485e+11,\n",
       "          -7.08429485e+11,  2.29450991e+12,  2.25764871e+12],\n",
       "         [-9.91596619e+11, -7.08429485e+11, -1.38965855e+11,\n",
       "          -6.46422334e+11, -2.09458657e+12, -3.58040143e+11,\n",
       "          -9.91255744e+11, -3.68611988e+10, -7.08429485e+11,\n",
       "          -1.69969292e+12,  5.46490346e+12,  5.07000870e+12],\n",
       "         [ 3.17147519e+12,  2.29450991e+12,  5.30063267e+11,\n",
       "           2.09728273e+12,  6.70611548e+12,  1.12325305e+12,\n",
       "           3.17036812e+12,  1.17984405e+11,  2.29450991e+12,\n",
       "           5.46490346e+12, -1.75746704e+13, -1.63334548e+13],\n",
       "         [ 2.81344758e+12,  2.25764871e+12,  1.12415125e+12,\n",
       "           2.09408777e+12,  6.00264940e+12,  8.28654418e+11,\n",
       "           2.81232798e+12,  1.04018291e+11,  2.25764871e+12,\n",
       "           5.07000870e+12, -1.63334548e+13, -1.54008105e+13]])},\n",
       " 'qU': {'x': array([[[ 0.00000000e+00,  0.00000000e+00,  0.00000000e+00,\n",
       "            0.00000000e+00,  0.00000000e+00,  0.00000000e+00],\n",
       "          [ 0.00000000e+00,  0.00000000e+00,  0.00000000e+00,\n",
       "            0.00000000e+00,  0.00000000e+00,  0.00000000e+00],\n",
       "          [ 0.00000000e+00,  0.00000000e+00,  0.00000000e+00,\n",
       "            0.00000000e+00,  0.00000000e+00,  0.00000000e+00],\n",
       "          [ 0.00000000e+00,  0.00000000e+00,  0.00000000e+00,\n",
       "            0.00000000e+00,  0.00000000e+00,  0.00000000e+00],\n",
       "          [ 0.00000000e+00,  0.00000000e+00,  0.00000000e+00,\n",
       "            0.00000000e+00,  0.00000000e+00,  0.00000000e+00]],\n",
       "  \n",
       "         [[-2.29413288e-02, -2.91041479e-01, -2.75064334e-01,\n",
       "            2.77864031e-01, -1.05762263e+00,  4.34178130e+00],\n",
       "          [ 2.76721190e-04, -1.05153204e-03,  4.33596537e-03,\n",
       "            2.29311092e-01, -8.52444678e-01,  3.88278216e+00],\n",
       "          [ 2.30819532e-04, -8.59436240e-04,  3.88932575e-03,\n",
       "           -4.89320843e-02,  2.80910120e-01, -3.67569070e-01],\n",
       "          [-4.71782191e-05,  2.73187061e-04, -3.62293997e-04,\n",
       "            7.37114211e-03,  2.80408798e-02,  5.33759021e-02],\n",
       "          [-7.52614540e-06,  5.05242769e-05,  3.53939706e-05,\n",
       "           -9.81157258e-04, -2.34802672e-02, -9.81535178e-03]],\n",
       "  \n",
       "         [[-1.26265379e-02,  2.79749281e-01,  2.88712575e-01,\n",
       "            3.80679652e-01, -1.69312972e+00,  7.88133984e+00],\n",
       "          [ 3.80529036e-04, -1.69600086e-03,  7.88395468e-03,\n",
       "            1.05182035e-01, -5.67056499e-01,  3.36871934e+00],\n",
       "          [ 1.05576368e-04, -5.65022783e-04,  3.36709061e-03,\n",
       "           -2.52026907e-02,  1.51314784e-01, -3.27784886e-01],\n",
       "          [-2.48476086e-05,  1.56386214e-04, -3.30265516e-04,\n",
       "            3.86530621e-03, -2.33035411e-02,  3.23569244e-02],\n",
       "          [-4.99658951e-07, -3.06637000e-05,  3.56795660e-05,\n",
       "           -5.13421491e-04,  7.09020777e-03, -4.29230631e-03]],\n",
       "  \n",
       "         ...,\n",
       "  \n",
       "         [[ 2.19907061e-03,  6.86180688e-01,  2.58650008e+00,\n",
       "           -6.71866201e-03,  3.34248418e-01,  1.53729427e-01],\n",
       "          [-7.07943370e-06,  3.31250835e-04,  1.56735652e-04,\n",
       "           -1.41867817e-03, -1.34849832e-02,  2.04219205e-02],\n",
       "          [-2.35400858e-06, -1.33009043e-05,  2.02584112e-05,\n",
       "            3.57581989e-04, -5.88440350e-04, -3.27511119e-03],\n",
       "          [ 1.57335285e-06,  2.44654716e-06, -6.34362497e-06,\n",
       "           -4.84072791e-05,  4.10750046e-03, -2.77164118e-06],\n",
       "          [ 9.54967477e-06,  3.41934236e-06,  4.79566948e-07,\n",
       "           -6.02050471e-06,  2.89352339e-03,  2.03015344e-04]],\n",
       "  \n",
       "         [[ 2.14710153e-03,  6.83671275e-01,  2.58869978e+00,\n",
       "           -6.60579370e-03,  2.98962116e-01,  1.90120989e-01],\n",
       "          [-6.84727146e-06,  2.98002089e-04,  1.91088030e-04,\n",
       "           -9.69081730e-04, -7.15620692e-03,  5.12486367e-03],\n",
       "          [-1.86821428e-06, -6.07256953e-06,  4.06094374e-06,\n",
       "            2.64351229e-04, -1.00486496e-03, -1.80248482e-03],\n",
       "          [ 1.30703573e-06, -8.22293847e-08, -2.76228651e-06,\n",
       "           -3.43605063e-05,  4.78803928e-03, -5.14901436e-05],\n",
       "          [ 9.58154832e-06,  1.09640520e-06,  3.43524980e-06,\n",
       "           -6.22872428e-06,  2.71090765e-03,  1.67088553e-04]],\n",
       "  \n",
       "         [[ 2.12696395e-03,  6.82662676e-01,  2.58995206e+00,\n",
       "           -5.79738884e-03,  2.94806454e-01,  1.89313309e-01],\n",
       "          [-6.01260716e-06,  2.95153831e-04,  1.88971541e-04,\n",
       "           -9.52798057e-04, -6.10399351e-03, -3.09069442e-04],\n",
       "          [-1.84190938e-06, -6.29888817e-06, -9.70041964e-08,\n",
       "            2.52679862e-04, -4.02212023e-04, -1.15410986e-03],\n",
       "          [ 1.21959505e-06, -7.98069105e-07, -7.84723737e-07,\n",
       "           -3.21492699e-05,  4.88225727e-03, -1.02577255e-04],\n",
       "          [ 9.48624696e-06,  5.47909972e-06, -8.79056274e-07,\n",
       "           -5.80302737e-06,  2.63393038e-03,  1.56753620e-04]]]),\n",
       "  'v': array([[[ 0.        ],\n",
       "          [ 0.        ],\n",
       "          [ 0.        ],\n",
       "          [ 0.        ],\n",
       "          [ 0.        ]],\n",
       "  \n",
       "         [[ 0.05003548],\n",
       "          [-0.0626477 ],\n",
       "          [-0.07420545],\n",
       "          [ 0.01630395],\n",
       "          [-0.00289962]],\n",
       "  \n",
       "         [[-0.00592128],\n",
       "          [-0.03132115],\n",
       "          [-0.02199174],\n",
       "          [ 0.01839781],\n",
       "          [ 0.01166277]],\n",
       "  \n",
       "         ...,\n",
       "  \n",
       "         [[ 0.00013135],\n",
       "          [ 0.01114727],\n",
       "          [ 0.01549732],\n",
       "          [ 0.0090284 ],\n",
       "          [-0.00015964]],\n",
       "  \n",
       "         [[ 0.00060625],\n",
       "          [ 0.01231743],\n",
       "          [ 0.01677902],\n",
       "          [ 0.00923507],\n",
       "          [-0.00039391]],\n",
       "  \n",
       "         [[ 0.0011074 ],\n",
       "          [ 0.01339892],\n",
       "          [ 0.01738086],\n",
       "          [ 0.00917713],\n",
       "          [-0.00016008]]]),\n",
       "  'y': array([[[-3.71460517e-02],\n",
       "          [ 5.40303780e-02],\n",
       "          [ 2.75916195e-02],\n",
       "          [-1.96220557e-01],\n",
       "          [ 1.80747408e-01]],\n",
       "  \n",
       "         [[ 5.50785176e-03],\n",
       "          [-7.83515998e-03],\n",
       "          [-5.67837874e-02],\n",
       "          [ 1.13355530e-01],\n",
       "          [-7.69099525e-02]],\n",
       "  \n",
       "         [[-1.50311949e-02],\n",
       "          [-1.47271800e-02],\n",
       "          [ 1.20844388e-02],\n",
       "          [ 2.51611306e-04],\n",
       "          [-4.52201978e-03]],\n",
       "  \n",
       "         ...,\n",
       "  \n",
       "         [[-1.90085627e+00],\n",
       "          [-1.08076713e-02],\n",
       "          [ 2.91445202e-03],\n",
       "          [ 1.65069319e-02],\n",
       "          [-1.80001513e-02]],\n",
       "  \n",
       "         [[-1.90820557e+00],\n",
       "          [-1.34324777e-04],\n",
       "          [ 7.91585448e-03],\n",
       "          [-1.65259422e-02],\n",
       "          [ 1.20652944e-02]],\n",
       "  \n",
       "         [[-1.90663357e+00],\n",
       "          [ 3.92999839e-04],\n",
       "          [-1.44099941e-03],\n",
       "          [ 2.35799904e-03],\n",
       "          [-1.57199936e-03]]]),\n",
       "  'u': array([[[0.],\n",
       "          [0.],\n",
       "          [0.],\n",
       "          [0.],\n",
       "          [0.]],\n",
       "  \n",
       "         [[0.],\n",
       "          [0.],\n",
       "          [0.],\n",
       "          [0.],\n",
       "          [0.]],\n",
       "  \n",
       "         [[0.],\n",
       "          [0.],\n",
       "          [0.],\n",
       "          [0.],\n",
       "          [0.]],\n",
       "  \n",
       "         ...,\n",
       "  \n",
       "         [[0.],\n",
       "          [0.],\n",
       "          [0.],\n",
       "          [0.],\n",
       "          [0.]],\n",
       "  \n",
       "         [[0.],\n",
       "          [0.],\n",
       "          [0.],\n",
       "          [0.],\n",
       "          [0.]],\n",
       "  \n",
       "         [[0.],\n",
       "          [0.],\n",
       "          [0.],\n",
       "          [0.],\n",
       "          [0.]]]),\n",
       "  'p': array([[[ 3.34114224e+12, -7.25340261e+10, -4.74874281e+09, ...,\n",
       "            7.83666051e+08,  0.00000000e+00,  3.91833026e+07],\n",
       "          [-7.25340261e+10,  1.68471159e+09, -2.02504781e+04, ...,\n",
       "           -1.82028484e+07,  0.00000000e+00, -9.10142418e+05],\n",
       "          [-4.74874281e+09, -2.02504781e+04,  1.04182237e+08, ...,\n",
       "            0.00000000e+00,  0.00000000e+00,  0.00000000e+00],\n",
       "          ...,\n",
       "          [ 7.83666051e+08, -1.82028484e+07,  0.00000000e+00, ...,\n",
       "            4.72030498e+05,  0.00000000e+00,  2.95019062e+04],\n",
       "          [ 0.00000000e+00,  0.00000000e+00,  0.00000000e+00, ...,\n",
       "            0.00000000e+00,  1.96679374e+04,  0.00000000e+00],\n",
       "          [ 3.91833026e+07, -9.10142418e+05,  0.00000000e+00, ...,\n",
       "            2.95019062e+04,  0.00000000e+00,  2.45849218e+03]],\n",
       "  \n",
       "         [[ 2.06026849e+11, -1.35409046e+10, -3.15043170e+09, ...,\n",
       "            1.46254280e+08,  0.00000000e+00,  7.31271400e+06],\n",
       "          [-1.35409046e+10,  1.68471135e+09, -2.00077843e+04, ...,\n",
       "           -1.82028484e+07,  0.00000000e+00, -9.10142418e+05],\n",
       "          [-3.15043170e+09, -2.00077843e+04,  1.04181994e+08, ...,\n",
       "            0.00000000e+00,  0.00000000e+00,  0.00000000e+00],\n",
       "          ...,\n",
       "          [ 1.46254280e+08, -1.82028484e+07,  0.00000000e+00, ...,\n",
       "            4.72030498e+05,  0.00000000e+00,  2.95019062e+04],\n",
       "          [ 0.00000000e+00,  0.00000000e+00,  0.00000000e+00, ...,\n",
       "            0.00000000e+00,  1.96679374e+04,  0.00000000e+00],\n",
       "          [ 7.31271400e+06, -9.10142418e+05,  0.00000000e+00, ...,\n",
       "            2.95019062e+04,  0.00000000e+00,  2.45849218e+03]],\n",
       "  \n",
       "         [[ 6.43100041e+11, -2.91121142e+10, -3.79351171e+09, ...,\n",
       "            3.14498771e+08,  0.00000000e+00,  1.57249385e+07],\n",
       "          [-2.91121142e+10,  1.68471146e+09, -2.01138450e+04, ...,\n",
       "           -1.82028484e+07,  0.00000000e+00, -9.10142418e+05],\n",
       "          [-3.79351171e+09, -2.01138450e+04,  1.04182100e+08, ...,\n",
       "            0.00000000e+00,  0.00000000e+00,  0.00000000e+00],\n",
       "          ...,\n",
       "          [ 3.14498771e+08, -1.82028484e+07,  0.00000000e+00, ...,\n",
       "            4.72030498e+05,  0.00000000e+00,  2.95019062e+04],\n",
       "          [ 0.00000000e+00,  0.00000000e+00,  0.00000000e+00, ...,\n",
       "            0.00000000e+00,  1.96679374e+04,  0.00000000e+00],\n",
       "          [ 1.57249385e+07, -9.10142418e+05,  0.00000000e+00, ...,\n",
       "            2.95019062e+04,  0.00000000e+00,  2.45849218e+03]],\n",
       "  \n",
       "         ...,\n",
       "  \n",
       "         [[ 4.48625269e+12, -8.46197493e+10, -4.93956039e+09, ...,\n",
       "            9.14284880e+08,  0.00000000e+00,  4.57142440e+07],\n",
       "          [-8.46197493e+10,  1.68469884e+09, -7.49799503e+03, ...,\n",
       "           -1.82028484e+07,  0.00000000e+00, -9.10142418e+05],\n",
       "          [-4.93956039e+09, -7.49799503e+03,  1.04169484e+08, ...,\n",
       "            0.00000000e+00,  0.00000000e+00,  0.00000000e+00],\n",
       "          ...,\n",
       "          [ 9.14284880e+08, -1.82028484e+07,  0.00000000e+00, ...,\n",
       "            4.72030498e+05,  0.00000000e+00,  2.95019062e+04],\n",
       "          [ 0.00000000e+00,  0.00000000e+00,  0.00000000e+00, ...,\n",
       "            0.00000000e+00,  1.96679374e+04,  0.00000000e+00],\n",
       "          [ 4.57142440e+07, -9.10142418e+05,  0.00000000e+00, ...,\n",
       "            2.95019062e+04,  0.00000000e+00,  2.45849218e+03]],\n",
       "  \n",
       "         [[ 4.45516344e+12, -8.43139680e+10, -4.93505285e+09, ...,\n",
       "            9.10981007e+08,  0.00000000e+00,  4.55490504e+07],\n",
       "          [-8.43139680e+10,  1.68469883e+09, -7.48819425e+03, ...,\n",
       "           -1.82028484e+07,  0.00000000e+00, -9.10142418e+05],\n",
       "          [-4.93505285e+09, -7.48819425e+03,  1.04169474e+08, ...,\n",
       "            0.00000000e+00,  0.00000000e+00,  0.00000000e+00],\n",
       "          ...,\n",
       "          [ 9.10981007e+08, -1.82028484e+07,  0.00000000e+00, ...,\n",
       "            4.72030498e+05,  0.00000000e+00,  2.95019062e+04],\n",
       "          [ 0.00000000e+00,  0.00000000e+00,  0.00000000e+00, ...,\n",
       "            0.00000000e+00,  1.96679374e+04,  0.00000000e+00],\n",
       "          [ 4.55490504e+07, -9.10142418e+05,  0.00000000e+00, ...,\n",
       "            2.95019062e+04,  0.00000000e+00,  2.45849218e+03]],\n",
       "  \n",
       "         [[ 4.44317373e+12, -8.41957508e+10, -4.93330767e+09, ...,\n",
       "            9.09703711e+08,  0.00000000e+00,  4.54851855e+07],\n",
       "          [-8.41957508e+10,  1.68469883e+09, -7.48350652e+03, ...,\n",
       "           -1.82028484e+07,  0.00000000e+00, -9.10142418e+05],\n",
       "          [-4.93330767e+09, -7.48350652e+03,  1.04169470e+08, ...,\n",
       "            0.00000000e+00,  0.00000000e+00,  0.00000000e+00],\n",
       "          ...,\n",
       "          [ 9.09703711e+08, -1.82028484e+07,  0.00000000e+00, ...,\n",
       "            4.72030498e+05,  0.00000000e+00,  2.95019062e+04],\n",
       "          [ 0.00000000e+00,  0.00000000e+00,  0.00000000e+00, ...,\n",
       "            0.00000000e+00,  1.96679374e+04,  0.00000000e+00],\n",
       "          [ 4.54851855e+07, -9.10142418e+05,  0.00000000e+00, ...,\n",
       "            2.95019062e+04,  0.00000000e+00,  2.45849218e+03]]]),\n",
       "  'c': array([[[  0.        ,   0.        ,   0.        , ...,   0.        ,\n",
       "             0.        ,   0.        ],\n",
       "          [  0.        ,   0.        ,   0.        , ...,   0.        ,\n",
       "             0.        ,   0.        ],\n",
       "          [  0.        ,   0.        ,   0.        , ...,   0.        ,\n",
       "             0.        ,   0.        ],\n",
       "          ...,\n",
       "          [  0.        ,   0.        ,   0.        , ...,   3.47922874,\n",
       "            -1.42582638,  -0.63151693],\n",
       "          [  0.        ,   0.        ,   0.        , ...,  -1.42582718,\n",
       "           113.32947258,  20.47072702],\n",
       "          [  0.        ,   0.        ,   0.        , ...,  -0.63151552,\n",
       "            20.47072797,   7.70213557]],\n",
       "  \n",
       "         [[  0.        ,   0.        ,   0.        , ...,   0.        ,\n",
       "             0.        ,   0.        ],\n",
       "          [  0.        ,   0.        ,   0.        , ...,   0.        ,\n",
       "             0.        ,   0.        ],\n",
       "          [  0.        ,   0.        ,   0.        , ...,   0.        ,\n",
       "             0.        ,   0.        ],\n",
       "          ...,\n",
       "          [  0.        ,   0.        ,   0.        , ...,   3.46674397,\n",
       "            -1.5419392 ,  -0.44613726],\n",
       "          [  0.        ,   0.        ,   0.        , ...,  -1.54193946,\n",
       "           112.23414294,  22.19674817],\n",
       "          [  0.        ,   0.        ,   0.        , ...,  -0.44613689,\n",
       "            22.19674763,   4.94943973]],\n",
       "  \n",
       "         [[  0.        ,   0.        ,   0.        , ...,   0.        ,\n",
       "             0.        ,   0.        ],\n",
       "          [  0.        ,   0.        ,   0.        , ...,   0.        ,\n",
       "             0.        ,   0.        ],\n",
       "          [  0.        ,   0.        ,   0.        , ...,   0.        ,\n",
       "             0.        ,   0.        ],\n",
       "          ...,\n",
       "          [  0.        ,   0.        ,   0.        , ...,   3.46923565,\n",
       "            -1.51809268,  -0.4834108 ],\n",
       "          [  0.        ,   0.        ,   0.        , ...,  -1.51809211,\n",
       "           112.46503229,  21.8397632 ],\n",
       "          [  0.        ,   0.        ,   0.        , ...,  -0.48341085,\n",
       "            21.83977121,   5.50697163]],\n",
       "  \n",
       "         ...,\n",
       "  \n",
       "         [[  0.        ,   0.        ,   0.        , ...,   0.        ,\n",
       "             0.        ,   0.        ],\n",
       "          [  0.        ,   0.        ,   0.        , ...,   0.        ,\n",
       "             0.        ,   0.        ],\n",
       "          [  0.        ,   0.        ,   0.        , ...,   0.        ,\n",
       "             0.        ,   0.        ],\n",
       "          ...,\n",
       "          [  0.        ,   0.        ,   0.        , ...,   3.48130514,\n",
       "            -1.40784366,  -0.66123664],\n",
       "          [  0.        ,   0.        ,   0.        , ...,  -1.40784021,\n",
       "           113.48821872,  20.21415029],\n",
       "          [  0.        ,   0.        ,   0.        , ...,  -0.6612415 ,\n",
       "            20.21415699,   8.12720889]],\n",
       "  \n",
       "         [[  0.        ,   0.        ,   0.        , ...,   0.        ,\n",
       "             0.        ,   0.        ],\n",
       "          [  0.        ,   0.        ,   0.        , ...,   0.        ,\n",
       "             0.        ,   0.        ],\n",
       "          [  0.        ,   0.        ,   0.        , ...,   0.        ,\n",
       "             0.        ,   0.        ],\n",
       "          ...,\n",
       "          [  0.        ,   0.        ,   0.        , ...,   3.48121345,\n",
       "            -1.40864518,  -0.65990107],\n",
       "          [  0.        ,   0.        ,   0.        , ...,  -1.40865262,\n",
       "           113.48100694,  20.2259927 ],\n",
       "          [  0.        ,   0.        ,   0.        , ...,  -0.65988954,\n",
       "            20.22598794,   8.10751586]],\n",
       "  \n",
       "         [[  0.        ,   0.        ,   0.        , ...,   0.        ,\n",
       "             0.        ,   0.        ],\n",
       "          [  0.        ,   0.        ,   0.        , ...,   0.        ,\n",
       "             0.        ,   0.        ],\n",
       "          [  0.        ,   0.        ,   0.        , ...,   0.        ,\n",
       "             0.        ,   0.        ],\n",
       "          ...,\n",
       "          [  0.        ,   0.        ,   0.        , ...,   3.48140557,\n",
       "            -1.40689292,  -0.66272443],\n",
       "          [  0.        ,   0.        ,   0.        , ...,  -1.40689572,\n",
       "           113.496985  ,  20.20017886],\n",
       "          [  0.        ,   0.        ,   0.        , ...,  -0.66272077,\n",
       "            20.20017091,   8.1491218 ]]])},\n",
       " 'qE': [array([-0.03714605,  0.        ,  0.05403038,  0.        ,  0.02759162,\n",
       "          0.        , -0.19622056,  0.        ,  0.18074741,  0.        ,\n",
       "          0.        ,  0.        ,  0.        , -0.05482725, -5.92404723,\n",
       "         -6.24706032,  0.        ,  0.        ,  0.        ,  0.        ,\n",
       "          0.        ,  0.        ,  0.        ,  0.        ,  0.        ,\n",
       "          0.        ,  0.        ,  0.        ,  0.        ,  0.        ,\n",
       "          0.        ,  0.        ,  0.        ,  0.        ,  0.        ,\n",
       "          0.        ,  0.        ,  0.        ,  0.        ,  0.        ]),\n",
       "  array([ 2.14849961e-02,  5.00354833e-02, -2.44766257e-03, -6.26476987e-02,\n",
       "         -5.20350254e-02, -7.42054486e-02,  1.12720049e-01,  1.63039474e-02,\n",
       "         -7.69250828e-02, -2.89962118e-03, -1.14284113e-06,  6.09058943e-06,\n",
       "         -5.81593177e-06, -3.91650047e-06, -5.08239865e+00, -4.68282695e-01,\n",
       "          1.50843998e-06, -6.99156246e-06,  6.54359092e-06, -1.71788676e-06,\n",
       "          9.74376425e-02,  1.06170271e-02,  1.75386523e-06, -7.72305898e-06,\n",
       "          5.27507360e-06,  1.83072029e-05,  8.12748390e-02,  8.85837517e-03,\n",
       "         -1.48972875e-05,  2.24833971e-05, -1.79819315e-05,  4.06175069e-06,\n",
       "         -1.66120403e-02, -1.80987916e-03,  0.00000000e+00,  0.00000000e+00,\n",
       "          0.00000000e+00,  0.00000000e+00,  0.00000000e+00,  0.00000000e+00]),\n",
       "  array([-6.06790036e-03, -5.92128368e-03, -5.14722444e-03, -3.13211453e-02,\n",
       "          1.60165522e-02, -2.19917394e-02, -2.35040423e-04,  1.83978106e-02,\n",
       "         -4.45567651e-03,  1.16627675e-02, -1.50615525e-07, -2.87114320e-06,\n",
       "          2.61484637e-06,  8.08616142e-07, -4.19903176e-01, -7.72841151e-02,\n",
       "          3.94333332e-07,  2.03371644e-06, -1.62873161e-06,  1.27297486e-06,\n",
       "         -3.53665708e-02, -5.87425411e-03,  3.55082031e-07,  5.07142943e-06,\n",
       "         -2.48062936e-06, -1.14799664e-05, -9.81235569e-03, -1.63128391e-03,\n",
       "         -4.36496516e-06, -7.36015891e-06,  3.32264163e-06, -2.44165297e-06,\n",
       "          2.30931558e-03,  3.83415919e-04,  0.00000000e+00,  0.00000000e+00,\n",
       "          0.00000000e+00,  0.00000000e+00,  0.00000000e+00,  0.00000000e+00]),\n",
       "  array([-4.40516572e-03, -1.24062157e-02,  1.22542163e-02, -1.52756998e-02,\n",
       "          1.11201912e-02,  1.26384576e-02, -1.87870050e-02,  3.31537819e-02,\n",
       "          2.36576516e-02,  1.23406733e-02,  5.38240511e-09,  3.17503659e-06,\n",
       "         -3.18049747e-06, -7.83531297e-07, -3.25415088e-05, -4.16039449e-06,\n",
       "          3.96225961e-07,  1.56228309e-06, -1.51216572e-06, -2.11474889e-06,\n",
       "         -4.30520057e-04, -5.48098998e-05, -7.35371516e-08, -3.17084124e-06,\n",
       "          3.21326334e-06, -1.19831381e-06, -7.90907846e-05, -9.92893710e-06,\n",
       "         -3.99532034e-06, -5.32562801e-06,  4.82286395e-06, -5.96768507e-08,\n",
       "          2.04899551e-05,  2.62383785e-06,  0.00000000e+00,  0.00000000e+00,\n",
       "          0.00000000e+00,  0.00000000e+00,  0.00000000e+00,  0.00000000e+00]),\n",
       "  array([-1.76524355e-03, -9.22222459e-03,  8.57991645e-03,  1.23132066e-02,\n",
       "          1.33899127e-02,  4.45453244e-02,  6.02383705e-02,  4.49512859e-02,\n",
       "         -8.71164372e-02,  1.41522874e-02,  1.72030709e-07,  6.08857056e-06,\n",
       "         -6.12333634e-06,  3.78804516e-08, -1.13884065e-04, -1.45251697e-05,\n",
       "          3.83918360e-07,  7.00078801e-07, -6.40495692e-07, -4.28628816e-07,\n",
       "          9.39943782e-04,  1.19860940e-04, -2.72623632e-07, -5.87500561e-06,\n",
       "          6.11896715e-06, -7.10653803e-07,  1.22205343e-04,  1.57661395e-05,\n",
       "         -3.42296064e-06, -2.42860771e-06,  1.80518659e-06, -1.18237290e-07,\n",
       "         -3.51769284e-05, -4.46015266e-06,  0.00000000e+00,  0.00000000e+00,\n",
       "          0.00000000e+00,  0.00000000e+00,  0.00000000e+00,  0.00000000e+00]),\n",
